[bg - Copy.jpg]
filters=bw=1;
moddate=04a213f4c1f6cf01
width=1920
height=1200
textactive=0
[bg2 - Copy.jpg]
filters=Sixties=1,0.584795,00ffffff,0;radsat=1,0.210526,0.573705,0.602339,0.128655;warm=1;CrossProcess=1,0.000000;
moddate=668e50f4c1f6cf01
width=1920
height=1080
textactive=0
